2268603763	0.07823099941015244
5544721911	0.03323015943169594
2012158321	0.030771570280194283
2002587837	0.014876441098749638
5379286126	0.007878200151026249
3229962754	0.0067451465874910355
3166401865	0.0017244517803192139
3365355414	0.00171226158272475
3241646494	7.23753881175071E-4
3174967910	5.674645653925836E-4
1849527897	5.396564374677837E-4
5392885175	5.276715382933617E-4
5446004161	5.022406112402678E-4
1947758785	4.856373998336494E-4
1147307557	4.707251791842282E-4
1717911281	4.6236644266173244E-4
1295343232	4.064587119501084E-4
3550995170	3.593821602407843E-4
2531284927	3.1576617038808763E-4
2697087061	2.414306509308517E-4
5833548413	1.6780670557636768E-4
5344621967	1.5668399282731116E-4
2890456772	1.522558304714039E-4
2898285324	1.4912748883944005E-4
5239422638	1.4782387006562203E-4
3888918499	1.30277025164105E-4
2078555853	1.2913093087263405E-4
5251583324	1.2620622874237597E-4
3755009617	1.2352093472145498E-4
2643743024	1.0748112254077569E-4
3108778417	1.0153595212614164E-4
5908062156	8.784636884229258E-5
1791010393	8.655410056235269E-5
3757167087	8.549860649509355E-5
1211918665	8.450745372101665E-5
2104295195	7.951338920975104E-5
2421134223	7.563744293292984E-5
2680538511	7.019789336482063E-5
5663205379	5.792035881313495E-5
3514852493	5.355270695872605E-5
5054581490	5.349417187971994E-5
1787544013	5.2894964028382674E-5
1975995305	5.2498588047455996E-5
3285968362	4.4895175960846245E-5
2780712844	4.4826087105320767E-5
5915608851	4.439443364390172E-5
5928798916	4.439289477886632E-5
1681192240	4.236151653458364E-5
3960552015	4.2136165575357154E-5
3568356630	3.949809615733102E-5
5252701469	3.9430840843124315E-5
3943311171	3.566811574273743E-5
3690085175	3.541485784808174E-5
2128379684	3.268221189500764E-5
2460380524	3.202660445822403E-5
2131379623	3.15700272039976E-5
5158748474	2.906488771259319E-5
2714339741	2.649497582751792E-5
5030085267	2.573198071331717E-5
5577766918	2.4467561161145568E-5
5208261141	2.3987160602700897E-5
1909377960	2.378444878559094E-5
2835597013	2.3443457394023426E-5
1644855075	2.238451997982338E-5
3519022492	2.1962237951811403E-5
5249858277	2.0857016352238134E-5
3817939058	1.9674102077260613E-5
2180804292	1.8333599655306898E-5
2469537550	1.8324793927604333E-5
5661259115	1.8257378542330116E-5
5806663914	1.8249489585286938E-5
5840351408	1.8247757907374762E-5
5912029198	1.824279570428189E-5
5930192290	1.8242208170704544E-5
5941525728	1.8241413272335194E-5
1349138103	1.4673167243017815E-5
5871807922	1.4431199815589935E-5
5190620013	1.413861355104018E-5
2747051290	1.3784694601781666E-5
5650612812	1.376579803036293E-5
5814041729	1.0300322173861787E-5
5743528425	1.0221244338026736E-5
5566882921	1.0093935998156667E-5
2797584102	9.92871355265379E-6
2894234855	9.440174835617654E-6
3052465574	9.31160229811212E-6
1819774163	8.790201718511526E-6
2256570647	8.725970474188216E-6
3772527774	8.324727787112352E-6
5603027281	7.875594747019932E-6
5237582821	7.874228685977869E-6
1606827895	7.201182143035112E-6
1866164842	6.702172413497465E-6
2157843231	6.700507583445869E-6
2209929527	6.5698254729795735E-6
1899984250	5.9593271544144955E-6
1569083255	5.943985343037639E-6
3961164983	5.918438546359539E-6
1266646184	5.915008841839153E-6
2437647755	5.590710770775331E-6
==============
迭代了: 94次
耗时： 168611