2268603763	7.216358790174127E-5
5544721911	3.06530091620516E-5
2012158321	2.8386133635649458E-5
2002587837	1.372125007037539E-5
5379286126	7.2669195105845574E-6
3229962754	6.221805506356759E-6
3166401865	1.5906498447293416E-6
3365355414	1.5793829106769408E-6
3241646494	6.675887789242552E-7
3174967910	5.237986329120758E-7
1849527897	4.980987569069839E-7
5392885175	4.87062209231226E-7
5446004161	4.6359525640582433E-7
1947758785	4.4793060283154773E-7
1147307557	4.341888200087851E-7
1717911281	4.2646365727705415E-7
1295343232	3.7489149917746545E-7
3550995170	3.317308312489331E-7
2531284927	2.914548247190396E-7
2697087061	2.22857210019356E-7
5833548413	1.548997659028828E-7
5344621967	1.44631442822174E-7
2890456772	1.4042245766177075E-7
2898285324	1.375245233248279E-7
5239422638	1.3644401519741223E-7
3888918499	1.201487265234391E-7
2078555853	1.1908465324950157E-7
5251583324	1.1639795616247284E-7
3755009617	1.1392182130975925E-7
2643743024	9.921857468953021E-8
3108778417	9.373397347189893E-8
5908062156	8.102681903210396E-8
1791010393	7.992390038680242E-8
3757167087	7.893124376323613E-8
1211918665	7.796948864324804E-8
2104295195	7.332948115390536E-8
2421134223	6.977906963356872E-8
2680538511	6.496205884332085E-8
5663205379	5.345162890080246E-8
3514852493	4.947623111206667E-8
5054581490	4.9371337240700086E-8
1787544013	4.88316445057535E-8
1975995305	4.846405943226273E-8
3285968362	4.1360664226886E-8
2780712844	4.1314333287800764E-8
5915608851	4.094767902529384E-8
5928798916	4.0944662771380536E-8
1681192240	3.910375667715016E-8
3960552015	3.8899020893268244E-8
3568356630	3.646390567269009E-8
5252701469	3.6400212621856554E-8
3943311171	3.290617200946144E-8
3690085175	3.269488146884214E-8
2128379684	3.015451710552952E-8
2460380524	2.956316613733634E-8
2131379623	2.9126598022344297E-8
5158748474	2.6827578381016792E-8
2714339741	2.4459705372237295E-8
5030085267	2.3754854083790633E-8
5577766918	2.258247988606854E-8
5208261141	2.2146842582060344E-8
1909377960	2.1958294738055883E-8
2835597013	2.162559908924777E-8
1644855075	2.066650495180511E-8
3519022492	2.0269521172622262E-8
5249858277	1.925145731718203E-8
3817939058	1.816253636377496E-8
2180804292	1.6896516186193367E-8
2469537550	1.688726491977377E-8
5661259115	1.683765304960616E-8
5806663914	1.6832339966299514E-8
5840351408	1.683117112349919E-8
5912029198	1.682782446721376E-8
5930192290	1.6827423010568054E-8
5941525728	1.6826888327159395E-8
1349138103	1.35416096114227E-8
5871807922	1.3318185665411875E-8
5190620013	1.305169305965137E-8
2747051290	1.272642435878879E-8
5650612812	1.2707570107295396E-8
5814041729	9.506035958395387E-9
5743528425	9.435144221470182E-9
5566882921	9.314310212005239E-9
2797584102	9.16503317682782E-9
2894234855	8.712946808486777E-9
3052465574	8.590959943433063E-9
1819774163	8.109275917433934E-9
2256570647	8.047908117703173E-9
3772527774	7.675727609068872E-9
5237582821	7.267804136290579E-9
5603027281	7.266720558618545E-9
1606827895	6.6448726521173285E-9
2157843231	6.1815592644620665E-9
1866164842	6.179917910742461E-9
2209929527	6.060982826738837E-9
1899984250	5.496639587931895E-9
1569083255	5.4811426508649674E-9
1266646184	5.459874774516038E-9
3961164983	5.456431306782861E-9
2437647755	5.157057891835848E-9
==============
迭代了: 154次
耗时： 276181