2268603763	0.007616995833814144
5544721911	0.00323499389924109
2012158321	0.002995651215314865
2002587837	0.00144811044447124
5379286126	7.66935758292675E-4
3229962754	6.566309602931142E-4
3166401865	1.6787183994892985E-4
3365355414	1.6668502939864993E-4
3241646494	7.045474922051653E-5
3174967910	5.528249675990082E-5
1849527897	5.2571627747965977E-5
5392885175	5.140580469742417E-5
5446004161	4.892917786492035E-5
1947758785	4.727506166091189E-5
1147307557	4.582129986374639E-5
1717911281	4.500937575357966E-5
1295343232	3.956653017667122E-5
3550995170	3.501244282233529E-5
2531284927	3.0761410016566515E-5
2697087061	2.3520686227129772E-5
5833548413	1.6349060388165526E-5
5344621967	1.526590858702548E-5
2890456772	1.482086463511223E-5
2898285324	1.4520017430186272E-5
5239422638	1.4401699445443228E-5
3888918499	1.2681363841693383E-5
2078555853	1.256899213331053E-5
5251583324	1.2285350749152713E-5
3755009617	1.2024293027934618E-5
2643743024	1.0474483133293688E-5
3108778417	9.895300536300056E-6
5908062156	8.549759513698518E-6
1791010393	8.427989996562246E-6
3757167087	8.333079676958732E-6
1211918665	8.236013854912017E-6
2104295195	7.752846613584552E-6
2421134223	7.376735993602779E-6
2680538511	6.852270416857209E-6
5663205379	5.640105428028619E-6
3514852493	5.222153049544431E-6
5054581490	5.212187261349754E-6
1787544013	5.151844561623875E-6
1975995305	5.113981842441717E-6
3285968362	4.3724198803829495E-6
2780712844	4.3706213546101935E-6
5915608851	4.322369022702333E-6
5928798916	4.321817414165707E-6
1681192240	4.128025011596037E-6
3960552015	4.103591436432907E-6
3568356630	3.845802439172985E-6
5252701469	3.839629243884701E-6
3943311171	3.4745517041301355E-6
3690085175	3.44808108820871E-6
2128379684	3.178967062922311E-6
2460380524	3.1186248179437825E-6
2131379623	3.0685512228956213E-6
5158748474	2.8287226996326353E-6
2714339741	2.5803431071835803E-6
5030085267	2.5064773581107147E-6
5577766918	2.3824804884498008E-6
5208261141	2.3345121462625684E-6
1909377960	2.3153618258220376E-6
2835597013	2.2806548258813564E-6
1644855075	2.1803580239065923E-6
3519022492	2.1381965780165046E-6
5249858277	2.0317900180089055E-6
3817939058	1.9175656689185416E-6
2180804292	1.7774223124433775E-6
2469537550	1.777250190571067E-6
5661259115	1.7759500678948825E-6
5806663914	1.7757990917743882E-6
5840351408	1.775765667844098E-6
5912029198	1.7756691477188724E-6
5930192290	1.7756589159034775E-6
5941525728	1.7756437955540605E-6
1349138103	1.4298544783741818E-6
5871807922	1.405910552421119E-6
5190620013	1.3784732573185465E-6
2747051290	1.3453136489260942E-6
5650612812	1.3412937960310956E-6
5814041729	1.003158331513987E-6
5743528425	9.958114333130652E-7
5566882921	9.83045083557954E-7
2797584102	9.674280363469734E-7
2894234855	9.195521784022276E-7
3052465574	9.066301345228567E-7
1819774163	8.557933597330702E-7
2256570647	8.493914833707095E-7
3772527774	8.104122457552876E-7
5603027281	7.668414809813839E-7
5237582821	7.667326826776844E-7
1606827895	7.011076945673267E-7
2157843231	6.522510034301376E-7
1866164842	6.521668751702236E-7
2209929527	6.397305583050183E-7
1899984250	5.801541647088015E-7
1569083255	5.78487799884897E-7
3961164983	5.759175110142678E-7
1266646184	5.75819001369382E-7
2437647755	5.441974053610465E-7
==============
迭代了: 114次
耗时： 204612