2268603763	7.414787542074919E-4
5544721911	3.1490830588154495E-4
2012158321	2.916084777098149E-4
2002587837	1.4096818631514907E-4
5379286126	7.465897215297446E-5
3229962754	6.392195064108819E-5
3166401865	1.6341949958587065E-5
3365355414	1.6226198567892425E-5
3241646494	6.8588065005315E-6
3174967910	5.377406978368526E-6
1849527897	5.114449777465779E-6
5392885175	5.000386408937629E-6
5446004161	4.759516741614789E-6
1947758785	4.602011358656455E-6
1147307557	4.460722266230732E-6
1717911281	4.381449798529502E-6
1295343232	3.851598648907384E-6
3550995170	3.405899633435183E-6
2531284927	2.992659347000881E-6
2697087061	2.2880938104208326E-6
5833548413	1.5906076669125468E-6
5344621967	1.4851855212327791E-6
2890456772	1.442700067855185E-6
2898285324	1.414549046785396E-6
5239422638	1.4013785403221846E-6
3888918499	1.2344257811491843E-6
2078555853	1.2234814903422375E-6
5251583324	1.1958791219512932E-6
3755009617	1.1704156577252434E-6
2643743024	1.0194145261266385E-6
3108778417	9.632661885916605E-7
5908062156	8.325312705892429E-7
1791010393	8.242317335316329E-7
3757167087	8.108477231871802E-7
1211918665	8.029965101741254E-7
2104295195	7.554787089247839E-7
2421134223	7.185579420365684E-7
2680538511	6.697603680549946E-7
5663205379	5.488775514095323E-7
3514852493	5.093110644338594E-7
5054581490	5.080655114397814E-7
1787544013	5.011254984310654E-7
1975995305	4.973229010829527E-7
2780712844	4.2526403376541566E-7
3285968362	4.2517251586104976E-7
5915608851	4.207145991586003E-7
5928798916	4.2064723970725026E-7
1681192240	4.0138010604096053E-7
3960552015	3.9915033767101704E-7
3568356630	3.7414702092064545E-7
5252701469	3.7353837001319334E-7
3943311171	3.383125033451506E-7
3690085175	3.3546362487868464E-7
2128379684	3.094951921411848E-7
2460380524	3.03367556853118E-7
2131379623	2.9880595775466645E-7
5158748474	2.7529179646990087E-7
2714339741	2.509880232537398E-7
5030085267	2.4379608021263266E-7
5577766918	2.3180473363026977E-7
5208261141	2.2732251636625733E-7
1909377960	2.252625534993058E-7
2835597013	2.2204818606041954E-7
1644855075	2.1203841527039913E-7
3519022492	2.079235912333388E-7
5249858277	1.9757800373554346E-7
3817939058	1.864546419483304E-7
2180804292	1.7290173559558752E-7
2469537550	1.7289004006215691E-7
5661259115	1.728547971424632E-7
5806663914	1.7284978071074875E-7
5840351408	1.7284867226408096E-7
5912029198	1.7284537534578703E-7
5930192290	1.7284500586356444E-7
5941525728	1.728445084836494E-7
1349138103	1.3904848117363144E-7
5871807922	1.3674167576027685E-7
5190620013	1.3401718490513304E-7
2747051290	1.308202257632729E-7
5650612812	1.3047264246779378E-7
5814041729	9.759673957887571E-8
5743528425	9.688366020554895E-8
5566882921	9.564453762322955E-8
2797584102	9.409860268760895E-8
2894234855	8.946208396309885E-8
3052465574	8.82179591599197E-8
1819774163	8.326718159423763E-8
2256570647	8.264832729310001E-8
3772527774	7.887127395633797E-8
5603027281	7.46090691450263E-8
5237582821	7.460363349309773E-8
1606827895	6.82072283098023E-8
1866164842	6.346341052676507E-8
2157843231	6.346205339013977E-8
2209929527	6.222963833124595E-8
1899984250	5.6448016039212234E-8
1569083255	5.6282893012848945E-8
3961164983	5.604324115893178E-8
1266646184	5.603746444649005E-8
2437647755	5.294450744486312E-8
==============
迭代了: 134次
耗时： 238228