2975718641	0.022398589178919792
1849527897	0.01781083270907402
2012158321	0.013539236970245838
3960552015	0.00854582991451025
5650612812	0.007943612523376942
3271702547	0.007898740470409393
5277452779	0.007896481081843376
2268603763	0.007039145566523075
3690085175	0.006766889709979296
3229962754	0.005097632762044668
1677415045	0.005038684234023094
5544721911	0.00426077377051115
1787544013	0.0041446746326982975
2697087061	0.003813493764027953
2643743024	0.0025769497733563185
5379286126	0.0020866342820227146
2894234855	0.0016629481688141823
3550995170	0.0015236836625263095
5566882921	0.0012206631945446134
2531284927	7.124399417079985E-4
1947758785	6.88787316903472E-4
2002587837	6.727456930093467E-4
1909377960	6.403684965334833E-4
1768370980	5.7991873472929E-4
5344621967	4.705540486611426E-4
5446004161	4.22777549829334E-4
5239422638	3.9059354458004236E-4
5208261141	3.858055570162833E-4
3568356630	3.449812065809965E-4
2898285324	3.014544490724802E-4
3108778417	2.977849217131734E-4
2680538511	2.745775564108044E-4
1992612901	2.7125587803311646E-4
2747051290	2.6885137776844203E-4
2421134223	2.040644467342645E-4
1819774163	1.908306876430288E-4
5252701469	1.6519309428986162E-4
3241646494	1.647407771088183E-4
2256570647	1.4889094745740294E-4
5392885175	1.464177476009354E-4
1975995305	1.4523974095936865E-4
5674669410	1.3528359704650939E-4
3772527774	1.0458262840984389E-4
2128379684	1.0018255125032738E-4
3519022492	9.930624946719036E-5
5208572598	9.61110126809217E-5
1147307557	9.015542309498414E-5
2104295195	8.648851508041844E-5
5663205379	8.207981591112912E-5
3817939058	7.187348091974854E-5
3174967910	6.571385893039405E-5
3887770391	6.339656101772562E-5
2797584102	5.547100226976909E-5
3365355414	5.4249801905825734E-5
5603027281	5.300296834320761E-5
3943311171	5.149518983671442E-5
2348324751	5.14891289640218E-5
1569083255	5.075341687188484E-5
2687242313	4.6630524593638256E-5
2040114485	4.6316199586726725E-5
2133858010	4.575770435621962E-5
1251630661	4.575770435621962E-5
2951602282	4.40239418821875E-5
1211918665	4.1759092709980905E-5
2819975563	4.104751496925019E-5
1349138103	3.7143705412745476E-5
2209929527	3.6377343349158764E-5
1644855075	3.613088119891472E-5
2835597013	3.539333556545898E-5
3844849581	3.2668234780430794E-5
5264746099	3.262670725234784E-5
5365313044	3.261443998781033E-5
5833548413	2.8127460609539412E-5
1836110544	2.8069913241779432E-5
5830687827	2.6585692467051558E-5
1916470964	2.6371690182713792E-5
2448540300	2.567687442933675E-5
5936003073	2.5666191504569724E-5
3166401865	2.5348001145175658E-5
5577766918	2.518041401344817E-5
2131379623	2.49207023443887E-5
1717911281	2.487666642991826E-5
1899984250	2.4028769985307008E-5
5683526095	2.3378954210784286E-5
1866394620	2.3336888261837885E-5
1911546455	2.1897021724726073E-5
5862273182	2.1859670596313663E-5
3285968362	2.1830381228937767E-5
2955931642	2.172367567254696E-5
2418006617	2.105304884025827E-5
2078555853	2.1046695110271685E-5
1295343232	2.102311555063352E-5
3757167087	2.0686500647570938E-5
5941716526	2.036227670032531E-5
1846923303	2.0279878299334086E-5
5600036175	1.9985160179203376E-5
5150807677	1.956053529283963E-5
5089263961	1.954852086782921E-5
5067357394	1.9255025108577684E-5
5249858277	1.8919683498097584E-5
==============
迭代了: 286次
耗时： 513357