2975718641	0.22359980642795563
1849527897	0.17778907716274261
2012158321	0.13518135249614716
3960552015	0.08533833920955658
5650612812	0.07930874079465866
3271702547	0.07886073738336563
5277452779	0.07883815467357635
2268603763	0.07029743492603302
3690085175	0.0675583928823471
3229962754	0.050895579159259796
1677415045	0.05030260607600212
5544721911	0.042550504207611084
1787544013	0.041383396834135056
2697087061	0.03807208314538002
2643743024	0.025729790329933167
5379286126	0.020833242684602737
2894234855	0.016607576981186867
3550995170	0.015217036940157413
5566882921	0.012186857871711254
2531284927	0.007114585023373365
1947758785	0.006876080762594938
2002587837	0.006718077231198549
1909377960	0.00639341352507472
1768370980	0.00579095957800746
5344621967	0.004698233213275671
5446004161	0.004221783019602299
5239422638	0.003900124691426754
5208261141	0.003851437708362937
3568356630	0.0034444236662238836
2898285324	0.0030099584255367517
3108778417	0.0029734978452324867
2680538511	0.00274085090495646
1992612901	0.002708752639591694
2747051290	0.0026840975042432547
2421134223	0.0020378981716930866
1819774163	0.0019052689895033836
5252701469	0.0016496217576786876
3241646494	0.0016447803936898708
2256570647	0.0014865151606500149
5392885175	0.0014619312714785337
1975995305	0.001450116978958249
5674669410	0.0013505460228770971
3772527774	0.0010441747726872563
2128379684	0.001000578049570322
3519022492	9.915275732055306E-4
5208572598	9.595750598236918E-4
1147307557	8.999872952699661E-4
2104295195	8.629185613244772E-4
5663205379	8.187160710804164E-4
3817939058	7.173749036155641E-4
3174967910	6.557113956660032E-4
3887770391	6.330980104394257E-4
2797584102	5.521863349713385E-4
3365355414	5.405592964962125E-4
5603027281	5.284666549414396E-4
3943311171	5.124873132444918E-4
2348324751	5.110125639475882E-4
1569083255	5.028318846598268E-4
2687242313	4.656418750528246E-4
2040114485	4.602201806847006E-4
2133858010	4.567823198158294E-4
1251630661	4.567823198158294E-4
2951602282	4.380438185762614E-4
1211918665	4.165602440480143E-4
2819975563	4.0890282252803445E-4
1349138103	3.6978177377022803E-4
2209929527	3.625451063271612E-4
1644855075	3.607789403758943E-4
2835597013	3.5308851511217654E-4
3844849581	3.2561799162067473E-4
5264746099	3.2535308855585754E-4
5365313044	3.252585884183645E-4
5833548413	2.8098010807298124E-4
1836110544	2.805644762702286E-4
5830687827	2.654945710673928E-4
1916470964	2.641922910697758E-4
2448540300	2.5713673676364124E-4
5936003073	2.5626964634284377E-4
3166401865	2.5311773060820997E-4
5577766918	2.514129737392068E-4
2131379623	2.488666505087167E-4
1717911281	2.4836690863594413E-4
1899984250	2.3993091599550098E-4
5683526095	2.3348769173026085E-4
1866394620	2.334187156520784E-4
1911546455	2.1838593238499016E-4
5862273182	2.1826018928550184E-4
3285968362	2.1810064208693802E-4
2955931642	2.170586958527565E-4
2418006617	2.1041405852884054E-4
2078555853	2.103744918713346E-4
1295343232	2.098125114571303E-4
3757167087	2.0651797240134329E-4
5941716526	2.0310554828029126E-4
1846923303	2.0274700364097953E-4
5600036175	1.995829661609605E-4
5150807677	1.9539236382115632E-4
5089263961	1.9485296797938645E-4
5067357394	1.9234855426475406E-4
5249858277	1.8891326908487827E-4
==============
迭代了: 232次
耗时： 415990