2975718641	2.2490009723696858E-4
1849527897	1.787947549019009E-4
2012158321	1.358975569019094E-4
3960552015	8.581097790738568E-5
5650612812	7.975714834174141E-5
3271702547	7.930667197797447E-5
5277452779	7.928396371426061E-5
2268603763	7.064588135108352E-5
3690085175	6.794142973376438E-5
3229962754	5.1177888963138685E-5
1677415045	5.05910356878303E-5
5544721911	4.275863102520816E-5
1787544013	4.161020115134306E-5
2697087061	3.8287729694275185E-5
2643743024	2.5871055186144076E-5
5379286126	2.0948493329342455E-5
2894234855	1.6695534213795327E-5
3550995170	1.5294506738428026E-5
5566882921	1.2254270586709026E-5
2531284927	7.14953330316348E-6
1947758785	6.914990080986172E-6
2002587837	6.750726697646314E-6
1909377960	6.428997949115001E-6
1768370980	5.822784260089975E-6
5344621967	4.724532573163742E-6
5446004161	4.2422348087711725E-6
5239422638	3.9187816582852975E-6
5208261141	3.8729644984414335E-6
3568356630	3.463621169430553E-6
2898285324	3.0259536742960336E-6
3108778417	2.9878860914323013E-6
2680538511	2.7564608444663463E-6
1992612901	2.72322608907416E-6
2747051290	2.6993175197276287E-6
2421134223	2.0487259462242946E-6
1819774163	1.915824213938322E-6
5252701469	1.6578707118242164E-6
3241646494	1.6534796714040567E-6
2256570647	1.4947959243727382E-6
5392885175	1.4689652516608476E-6
1975995305	1.4570364328392316E-6
5674669410	1.3582728115579812E-6
3772527774	1.0501387350814184E-6
2128379684	1.0057999588752864E-6
3519022492	9.971165582101094E-7
5208572598	9.64907258094172E-7
1147307557	9.04709793303482E-7
2104295195	8.673447382534505E-7
5663205379	8.23089067125693E-7
3817939058	7.210432499960007E-7
3174967910	6.58833982924989E-7
3887770391	6.364837759065267E-7
2797584102	5.553075652642292E-7
3365355414	5.433399792309501E-7
5603027281	5.313905262482876E-7
3943311171	5.153933670953847E-7
2348324751	5.1381732646405E-7
1569083255	5.051405196354608E-7
2687242313	4.679284018038743E-7
2040114485	4.6214643134590006E-7
2133858010	4.5908390688964573E-7
1251630661	4.5908390688964573E-7
2951602282	4.403882201131637E-7
1211918665	4.1865467892421293E-7
2819975563	4.107703261979623E-7
1349138103	3.715104526236246E-7
2209929527	3.644630055532616E-7
1644855075	3.62487924121524E-7
2835597013	3.55008211272434E-7
3844849581	3.2742798339313595E-7
5264746099	3.2716803843868547E-7
5365313044	3.2710903496990795E-7
5833548413	2.8238056870577566E-7
1836110544	2.820134170633537E-7
5830687827	2.6697335897551966E-7
1916470964	2.655752950886381E-7
2448540300	2.5852509111246036E-7
5936003073	2.577126849701017E-7
3166401865	2.543762036566477E-7
5577766918	2.5282224669354036E-7
2131379623	2.504788483292941E-7
1717911281	2.495850424111268E-7
1899984250	2.411774460142624E-7
1866394620	2.3492179934692103E-7
5683526095	2.3485644362608582E-7
1911546455	2.1953292161924765E-7
5862273182	2.1951737494418921E-7
3285968362	2.1947934669697133E-7
2955931642	2.1845994524483103E-7
2418006617	2.1180611042836972E-7
2078555853	2.11799459748363E-7
1295343232	2.1081490331198438E-7
3757167087	2.0749186546709097E-7
5941716526	2.0419473401034338E-7
1846923303	2.0415868107193091E-7
5600036175	2.0076434736893134E-7
5150807677	1.9659947270156408E-7
5089263961	1.9585915822517563E-7
5067357394	1.935426894306147E-7
5249858277	1.898490182838941E-7
==============
迭代了: 394次
耗时： 710651