2975718641	0.002243821043521166
1849527897	0.0017841275548562407
2012158321	0.0013563527027145028
3960552015	8.562434231862426E-4
5650612812	7.957485504448414E-4
3271702547	7.912535220384598E-4
5277452779	7.910272106528282E-4
2268603763	7.050749845802784E-4
3690085175	6.778627284802496E-4
3229962754	5.106554599478841E-4
1677415045	5.047366721555591E-4
5544721911	4.267499316483736E-4
1787544013	4.151775792706758E-4
2697087061	3.820040437858552E-4
2643743024	2.5813429965637624E-4
5379286126	2.0901704556308687E-4
2894234855	1.6659943503327668E-4
3550995170	1.5263450040947646E-4
5566882921	1.2227118713781238E-4
2531284927	7.13581102900207E-5
1947758785	6.899642175994813E-5
2002587837	6.738162483088672E-5
1909377960	6.414709787350148E-5
1768370980	5.809579306514934E-5
5344621967	4.713631278718822E-5
5446004161	4.234353036736138E-5
5239422638	3.911705789505504E-5
5208261141	3.8640173443127424E-5
3568356630	3.45589141943492E-5
2898285324	3.0196018997230567E-5
3108778417	2.9822766009601764E-5
2680538511	2.7504491299623623E-5
1992612901	2.717316965572536E-5
2747051290	2.6931620595860295E-5
2421134223	2.044257962552365E-5
1819774163	1.9115661416435614E-5
5252701469	1.6546873666811734E-5
3241646494	1.649959449423477E-5
2256570647	1.4914617167960387E-5
5392885175	1.4661399291071575E-5
1975995305	1.454392713640118E-5
5674669410	1.355323001916986E-5
3772527774	1.0477209798409604E-5
2128379684	1.0036053936346434E-5
3519022492	9.948849765351042E-6
5208572598	9.627539839129895E-6
1147307557	9.026427505887114E-6
2104295195	8.654612429381814E-6
5663205379	8.210755368054379E-6
3817939058	7.192305929493159E-6
3174967910	6.575746738235466E-6
3887770391	6.353314802254317E-6
2797584102	5.55021460968419E-6
3365355414	5.4219817684497684E-6
5603027281	5.306163984641898E-6
3943311171	5.1502565838745795E-6
2348324751	5.1423739932943135E-6
1569083255	5.060939656686969E-6
2687242313	4.664261723519303E-6
2040114485	4.61487979919184E-6
2133858010	4.57288660982158E-6
1251630661	4.57288660982158E-6
2951602282	4.392087248561438E-6
1211918665	4.167669885646319E-6
2819975563	4.090575657755835E-6
1349138103	3.7049499042041134E-6
2209929527	3.6366006952448515E-6
1644855075	3.618594973886502E-6
2835597013	3.5388575270189904E-6
3844849581	3.2670088785380358E-6
5264746099	3.264651240897365E-6
5365313044	3.2641200959915295E-6
5833548413	2.8194303922646213E-6
1836110544	2.807397095239139E-6
5830687827	2.6628592877386836E-6
1916470964	2.6417399112688145E-6
2448540300	2.5731408186402405E-6
5936003073	2.5709550754982047E-6
3166401865	2.540464720368618E-6
5577766918	2.5237825411750237E-6
2131379623	2.4983448838611366E-6
1717911281	2.493040710760397E-6
1899984250	2.407747842880781E-6
5683526095	2.3424954633810557E-6
1866394620	2.341585513931932E-6
1911546455	2.1933763036940945E-6
5862273182	2.1901087166043E-6
3285968362	2.1893661141803022E-6
2955931642	2.179132252422278E-6
2418006617	2.112861693603918E-6
2078555853	2.11269343708409E-6
1295343232	2.107702584908111E-6
3757167087	2.073431232929579E-6
5941716526	2.041676680164528E-6
1846923303	2.0363895600894466E-6
5600036175	2.0030277028126875E-6
5150807677	1.961166390174185E-6
5089263961	1.9562157831387594E-6
5067357394	1.930706048369757E-6
5249858277	1.8964917671837611E-6
==============
迭代了: 340次
耗时： 608703