2012158321	0.22301489114761353
2268603763	0.11270749568939209
5544721911	0.08749653398990631
1849527897	0.0720982700586319
3229962754	0.026365062221884727
3690085175	0.02551216445863247
1787544013	0.023586172610521317
1677415045	0.02029586210846901
5650612812	0.017587587237358093
3271702547	0.01733894646167755
5277452779	0.017330419272184372
2697087061	0.016231510788202286
2643743024	0.014351340010762215
2531284927	0.01345971878618002
2894234855	0.012717369012534618
1768370980	0.011775081977248192
5379286126	0.01173750963062048
3550995170	0.011690160259604454
5566882921	0.006967173423618078
2002587837	0.0047955890186131
2975718641	0.0035643805749714375
1909377960	0.003524236148223281
3108778417	0.0029120214749127626
3241646494	0.0027249816339462996
2898285324	0.002657118020579219
5344621967	0.002624326851218939
2421134223	0.0025791360531002283
1947758785	0.0023967158049345016
5446004161	0.0022811878006905317
5239422638	0.002190130762755871
5252701469	0.0021360889077186584
3568356630	0.0019445737125352025
5208261141	0.0018076456617563963
3960552015	0.0017147236503660679
1147307557	0.001188632333651185
2747051290	0.001138009363785386
3817939058	0.0011352316942065954
5392885175	0.0010409478563815355
1819774163	0.0010400157188996673
2256570647	8.326332317665219E-4
1975995305	8.116712560877204E-4
5663205379	7.080560899339616E-4
2104295195	6.301635294221342E-4
5208572598	5.430968594737351E-4
2128379684	4.901231732219458E-4
3519022492	4.819762834813446E-4
3772527774	4.612890479620546E-4
2680538511	4.5096749090589583E-4
3887770391	3.5634974483400583E-4
3365355414	3.5462522646412253E-4
3174967910	3.5015473258681595E-4
5674669410	3.269136359449476E-4
2797584102	2.990570501424372E-4
5833548413	2.95209523756057E-4
5603027281	2.949937479570508E-4
5541228155	2.9421053477562964E-4
1992612901	2.929483016487211E-4
1569083255	2.8506561648100615E-4
3943311171	2.805546682793647E-4
2348324751	2.8003216721117496E-4
2040114485	2.5986492983065546E-4
1211918665	2.5542511139065027E-4
2209929527	2.5418581208214164E-4
2951602282	2.2717996034771204E-4
2819975563	2.2707063180860132E-4
1349138103	2.084569277940318E-4
1644855075	1.9542431982699782E-4
3844849581	1.8425124289933592E-4
5264746099	1.8410915799904615E-4
5365313044	1.8407679453957826E-4
3166401865	1.8318361253477633E-4
2131379623	1.827750529628247E-4
5251583324	1.81526382220909E-4
1295343232	1.7335232405457646E-4
2687242313	1.5918024291750044E-4
1836110544	1.585196005180478E-4
5936003073	1.5278866339940578E-4
2448540300	1.45344776683487E-4
5830687827	1.4102425484452397E-4
1916470964	1.397713494952768E-4
1717911281	1.3615367060992867E-4
5249858277	1.3431634579319507E-4
1866394620	1.3239240797702223E-4
5683526095	1.3219608808867633E-4
2418006617	1.2717150093521923E-4
2955931642	1.2531055836007E-4
5862273182	1.201404957100749E-4
2078555853	1.1946313316002488E-4
3285968362	1.1877184442710131E-4
5190620013	1.154350393335335E-4
1846923303	1.1518943210830912E-4
3757167087	1.1453769548097625E-4
5600036175	1.1182964954059571E-4
5150807677	1.0860974725801498E-4
5067357394	1.083109964383766E-4
3040676611	1.0651519551174715E-4
3774583610	1.064870084519498E-4
5186749657	1.0645994916558266E-4
2347183267	1.0311297228327021E-4
2714339741	9.934328409144655E-5
=======0.01=======
迭代了: 247次
耗时： 442879