2012158321	2.252396079711616E-4
2268603763	1.1381212243577465E-4
5544721911	8.836689812596887E-5
1849527897	7.280166755663231E-5
3229962754	2.662736369529739E-5
3690085175	2.576176484581083E-5
1787544013	2.3820924980100244E-5
1677415045	2.0492780095082708E-5
5650612812	1.7757150999386795E-5
3271702547	1.7506028598290868E-5
5277452779	1.749741568346508E-5
2697087061	1.63910099217901E-5
2643743024	1.449411047360627E-5
2531284927	1.3594342817668803E-5
2894234855	1.2841182069678325E-5
1768370980	1.1889555935340468E-5
5379286126	1.1854329386551399E-5
3550995170	1.1805689609900583E-5
5566882921	7.036483566480456E-6
2002587837	4.844356681132922E-6
2975718641	3.5987450246466324E-6
1909377960	3.5592950098362053E-6
3108778417	2.9414206892397488E-6
3241646494	2.752043883447186E-6
2898285324	2.6836250981432386E-6
5344621967	2.650335318321595E-6
2421134223	2.6047457595268497E-6
1947758785	2.420456667096005E-6
5446004161	2.3044581212161575E-6
5239422638	2.2125445866549853E-6
5252701469	2.1575017399300123E-6
3568356630	1.9638875983218895E-6
5208261141	1.8255440181746962E-6
3960552015	1.731664156068291E-6
1147307557	1.2004907148366328E-6
2747051290	1.1492619478303823E-6
3817939058	1.1465301668067696E-6
5392885175	1.0514950190554373E-6
1819774163	1.0503707699172082E-6
2256570647	8.409118095187296E-7
1975995305	8.199703529498947E-7
5663205379	7.150704846026201E-7
2104295195	6.364726914398489E-7
5208572598	5.484997132043645E-7
2128379684	4.950267111780704E-7
3519022492	4.867241614192608E-7
3772527774	4.658693057990604E-7
2680538511	4.554333656869858E-7
3887770391	3.597698139401473E-7
3365355414	3.5811845577882195E-7
3174967910	3.5372116258258757E-7
5674669410	3.300822299934225E-7
2797584102	3.019306689111545E-7
5833548413	2.9814927415827697E-7
5603027281	2.978942745812674E-7
5541228155	2.9713245908169483E-7
1992612901	2.9581644866993884E-7
1569083255	2.877434610581986E-7
3943311171	2.8328133794275345E-7
2348324751	2.8269147378523485E-7
2040114485	2.623570480864146E-7
1211918665	2.577298232608882E-7
2209929527	2.5665454472800775E-7
2951602282	2.2922600351193978E-7
2819975563	2.2908136543264845E-7
1349138103	2.1034560404586955E-7
1644855075	1.9740741663554218E-7
3844849581	1.860959599753187E-7
5264746099	1.859644385149295E-7
5365313044	1.8593128459087893E-7
3166401865	1.850319648610821E-7
2131379623	1.8456432826496894E-7
5251583324	1.8333651041757548E-7
1295343232	1.7507969118923938E-7
2687242313	1.6075176745289355E-7
1836110544	1.600548387159506E-7
5936003073	1.5430666167048912E-7
2448540300	1.4673722148472734E-7
5830687827	1.4241936696635094E-7
1916470964	1.4106282719694718E-7
1717911281	1.3753073346833844E-7
5249858277	1.3566746304150001E-7
1866394620	1.3362206630063156E-7
5683526095	1.3349668392947933E-7
2418006617	1.2836382268233137E-7
2955931642	1.2650001224301377E-7
5862273182	1.2133094173805148E-7
2078555853	1.2056746356847725E-7
3285968362	1.1990366033387545E-7
5190620013	1.1658068643782826E-7
1846923303	1.1624234019791402E-7
3757167087	1.1569940028266501E-7
5600036175	1.1291987078720922E-7
5150807677	1.0965589325451219E-7
5067357394	1.0934881089497139E-7
3040676611	1.0751584511581314E-7
3774583610	1.0750016343763491E-7
5186749657	1.0748599521548385E-7
2347183267	1.0409455342141882E-7
2714339741	1.0034776209977281E-7
=======0.00001=======
迭代了: 410次
耗时： 734339