2012158321	0.0023090930189937353
2268603763	0.0011672553373500705
5544721911	9.060678421519697E-4
1849527897	7.464780937880278E-4
3229962754	2.730280684772879E-4
3690085175	2.6420733775012195E-4
1787544013	2.44253984419629E-4
1677415045	2.1019179257564247E-4
5650612812	1.8214623560197651E-4
3271702547	1.7957150703296065E-4
5277452779	1.7948316235560924E-4
2697087061	1.680927671259269E-4
2643743024	1.4861620729789138E-4
2531284927	1.393880957039073E-4
2894234855	1.3170618331059813E-4
1768370980	1.2194498413009569E-4
5379286126	1.2154927389929071E-4
3550995170	1.2106642680009827E-4
5566882921	7.215126970550045E-5
2002587837	4.965883999830112E-5
2975718641	3.6907622416038066E-5
1909377960	3.6494733649306E-5
3108778417	3.0157159926602617E-5
3241646494	2.8217020371812396E-5
2898285324	2.7517957278178073E-5
5344621967	2.7174368369742297E-5
2421134223	2.6707783035817556E-5
1947758785	2.4819131795084104E-5
5446004161	2.3618375053047203E-5
5239422638	2.2669923055218533E-5
5252701469	2.212045365013182E-5
3568356630	2.0135492377448827E-5
5208261141	1.8720633306656964E-5
3960552015	1.7753754946170375E-5
1147307557	1.2309000339882914E-5
2747051290	1.1784694834204856E-5
3817939058	1.1755430023185909E-5
5392885175	1.0781612218124792E-5
1819774163	1.0769897016871255E-5
2256570647	8.622364475741051E-6
1975995305	8.402528692386113E-6
5663205379	7.331205779337324E-6
2104295195	6.5251260821241885E-6
5208572598	5.62396735404036E-6
2128379684	5.077847617940279E-6
3519022492	4.990873549104435E-6
3772527774	4.776874447998125E-6
2680538511	4.669979716709349E-6
3887770391	3.6929891393810976E-6
3365355414	3.6837316201854264E-6
3174967910	3.6277351682656445E-6
5674669410	3.387521701370133E-6
2797584102	3.111512342002243E-6
5603027281	3.059268010474625E-6
5833548413	3.057808953599306E-6
5541228155	3.0521350709022954E-6
1992612901	3.0386988782993285E-6
1569083255	2.9786835966660874E-6
2348324751	2.9194723083492136E-6
3943311171	2.9155580705264583E-6
2040114485	2.71511316896067E-6
1211918665	2.6641632757673506E-6
2209929527	2.6425827854836825E-6
2951602282	2.364424972256529E-6
2819975563	2.3608906758454395E-6
1349138103	2.1698460841435008E-6
1644855075	2.021898353632423E-6
3844849581	1.9117005649604835E-6
5264746099	1.909510274344939E-6
5365313044	1.9084991436102428E-6
3166401865	1.8957794054585975E-6
2131379623	1.892802515612857E-6
5251583324	1.8808361801347928E-6
1295343232	1.7926844293469912E-6
2687242313	1.646672671995475E-6
1836110544	1.6413880530308234E-6
5936003073	1.582141862854769E-6
2448540300	1.502901568528614E-6
5830687827	1.459964778405265E-6
1916470964	1.4432501984629198E-6
1717911281	1.4083605037740199E-6
5249858277	1.3899738178224652E-6
5683526095	1.3681417385669192E-6
1866394620	1.3662333913089242E-6
2418006617	1.3127945521773654E-6
2955931642	1.2943314686708618E-6
5862273182	1.2436997849363252E-6
2078555853	1.2324663885010523E-6
3285968362	1.2270936622371664E-6
5190620013	1.1941580169150257E-6
1846923303	1.1876869621119113E-6
3757167087	1.1846253755720682E-6
5600036175	1.1569054549909197E-6
5150807677	1.1226983360757004E-6
5067357394	1.1195014621989685E-6
5186749657	1.1004834732375457E-6
3774583610	1.100190957004088E-6
3040676611	1.0998465995726292E-6
2347183267	1.0641205108186114E-6
2714339741	1.0279394473400316E-6
=======0.0001=======
迭代了: 355次
耗时： 634708