2012158321	0.02269570156931877
2268603763	0.011468597687780857
5544721911	0.008903092704713345
1849527897	0.007334443740546703
3229962754	0.0026829391717910767
3690085175	0.0025959713384509087
1787544013	0.0024002522695809603
1677415045	0.0020650862716138363
5650612812	0.0017895771889016032
3271702547	0.0017642778111621737
5277452779	0.0017634091200307012
2697087061	0.001651613274589181
2643743024	0.0014603007584810257
2531284927	0.001369643840007484
2894234855	0.001294138259254396
1768370980	0.0011981462594121695
5379286126	0.00119434529915452
3550995170	0.0011895812349393964
5566882921	7.08943756762892E-4
2002587837	4.8784815589897335E-4
2975718641	3.6275165621191263E-4
1909377960	3.5860881325788796E-4
3108778417	2.962749858852476E-4
3241646494	2.7729058638215065E-4
2898285324	2.7038968983106315E-4
5344621967	2.670304966159165E-4
2421134223	2.6243875618092716E-4
1947758785	2.4388506426475942E-4
5446004161	2.319937921129167E-4
5239422638	2.2267780150286853E-4
5252701469	2.1734162874054164E-4
3568356630	1.9785820040851831E-4
5208261141	1.8395223014522344E-4
3960552015	1.745358167681843E-4
1147307557	1.2094739213353023E-4
2747051290	1.1580279533518478E-4
3817939058	1.1551722855074331E-4
5392885175	1.0589946032268927E-4
1819774163	1.0582720278762281E-4
2256570647	8.472615445498377E-5
1975995305	8.252768020611256E-5
5663205379	7.205556175904348E-5
2104295195	6.41196093056351E-5
5208572598	5.5263357353396714E-5
2128379684	4.9872611270984635E-5
3519022492	4.9052658141590655E-5
3772527774	4.6941313485149294E-5
2680538511	4.5892069465480745E-5
3887770391	3.623920201789588E-5
3365355414	3.6105207982473075E-5
3174967910	3.561811536201276E-5
5674669410	3.325358557049185E-5
2797584102	3.0416664230870083E-5
5833548413	3.003556776093319E-5
5603027281	3.0012146453373134E-5
5541228155	2.993742782564368E-5
1992612901	2.984879756695591E-5
1569083255	2.9058368454570882E-5
3943311171	2.8562617444549687E-5
2348324751	2.8531545467558317E-5
2040114485	2.655000025697518E-5
1211918665	2.6108542442671023E-5
2209929527	2.591197335277684E-5
2951602282	2.316822974535171E-5
2819975563	2.313668665010482E-5
1349138103	2.1240006390144117E-5
1644855075	1.9867111404892057E-5
3844849581	1.8761620594887063E-5
5264746099	1.87458390428219E-5
5365313044	1.874016015790403E-5
3166401865	1.8635168089531362E-5
2131379623	1.860538759501651E-5
5251583324	1.848474857979454E-5
1295343232	1.763790351105854E-5
2687242313	1.6191643226193264E-5
1836110544	1.6182513718376867E-5
5936003073	1.5550160242128186E-5
2448540300	1.4790523891861085E-5
5830687827	1.4349673620017711E-5
1916470964	1.4201322301232722E-5
1717911281	1.3834916899213567E-5
5249858277	1.36557973746676E-5
5683526095	1.3446934644889552E-5
1866394620	1.3430591025098693E-5
2418006617	1.2897249689558521E-5
2955931642	1.2713899195659906E-5
5862273182	1.2221070392115507E-5
2078555853	1.2103433618904091E-5
3285968362	1.2053546925017145E-5
5190620013	1.1729920515790582E-5
1846923303	1.1662604265438858E-5
3757167087	1.1635548617050517E-5
5600036175	1.1365898899384774E-5
5150807677	1.102935493690893E-5
5067357394	1.0997114259225782E-5
5186749657	1.0810935236804653E-5
3774583610	1.0807139915414155E-5
3040676611	1.0802446013258304E-5
2347183267	1.0446280612086412E-5
2714339741	1.0099229257320985E-5
========0.001================
迭代了: 301次
耗时： 537806