2268603763	0.175818141884472
2012158321	0.100417307269932
5544721911	0.094684823193499
1849527897	0.056380408521854
2002587837	0.046914122556556
2531284927	0.035273446079508
3229962754	0.029848451570393
1211918665	0.026334285086756
5239422638	0.022688337359982
5158748474	0.022073358225346
3550995170	0.020953217658687
5663205379	0.019942894794641
2128379684	0.018251702174391
1147307557	0.017834394904459
3174967910	0.017812431363936
2131379623	0.017680650120799
5446004161	0.01752690533714
5392885175	0.017482978256095
2835597013	0.017263342850868
2421134223	0.015440368987481
2104295195	0.014935207555458
5379286126	0.013046343070503
2898285324	0.011267296288162
2714339741	0.007423676696684
3241646494	0.007357786075115
2697087061	0.00731385899407
5208261141	0.00683066110257
2747051290	0.00658906215682
3757167087	0.005776411157479
5833548413	0.005556775752251
5344621967	0.004766088293433
2643743024	0.004480562266637
1975995305	0.004458598726115
3166401865	0.004107182077751
3108778417	0.003162749835273
3365355414	0.003096859213705
1899984250	0.002767406105864
5650612812	0.001713156160773
5566882921	0.001647265539205
1787544013	0.001537447836591
3690085175	0.001405666593455
3519022492	0.001383703052932
5252701469	0.001361739512409
2460380524	0.001317812431364
1909377960	0.001317812431364
3960552015	0.001295848890841
3568356630	0.001229958269273
1681192240	0.001164067647705
1947758785	0.000966395783
5030085267	0.000922468701955
1717911281	0.000812650999341
5249858277	0.000790687458818
3817939058	0.000790687458818
1644855075	0.000790687458818
5577766918	0.000746760377773
1349138103	0.000702833296727
1295343232	0.000593015594114
5871807922	0.000461234350977
5190620013	0.000395343729409
3755009617	0.000395343729409
2209929527	0.000373380188886
5814041729	0.000351416648364
5324769120	0.000329453107841
2797584102	0.000329453107841
1819774163	0.000329453107841
5824694216	0.000307489567318
2890456772	0.000285526026796
2256570647	0.000285526026796
1606827895	0.000285526026796
5743528425	0.000263562486273
3052465574	0.000263562486273
5603027281	0.00024159894575
5230082017	0.00024159894575
3861411316	0.00024159894575
2894234855	0.00024159894575
2157843231	0.000219635405227
5251583324	0.000197671864705
5237582821	0.000197671864705
1569083255	0.000197671864705
1158425184	0.000197671864705
2955931642	0.000175708324182
2040114485	0.000175708324182
1866164842	0.000175708324182
1266646184	0.000175708324182
5892312460	0.000153744783659
3961164983	0.000153744783659
3888918499	0.000153744783659
2437647755	0.000153744783659
2277260272	0.000153744783659
2078555853	0.000153744783659
1757258093	0.000153744783659
1677415045	0.000153744783659
3166153515	0.000131781243136
2975718641	0.000131781243136
2027737585	0.000131781243136
1922243613	0.000131781243136
1768370980	0.000131781243136
5150807677	0.000109817702614
3849828170	0.000109817702614
3772527774	0.000109817702614
3358233122	0.000109817702614
1911546455	0.000109817702614
1371914821	0.000109817702614
5926714774	0.000087854162091
5908062156	0.000087854162091
5830687827	0.000087854162091
5683526095	0.000087854162091
5257685655	0.000087854162091
3680790812	0.000087854162091
3592678001	0.000087854162091
3285968362	0.000087854162091
3020164272	0.000087854162091
2883412604	0.000087854162091
2819975563	0.000087854162091
2737046725	0.000087854162091
2462317037	0.000087854162091
1791010393	0.000087854162091
1609455280	0.000087854162091
1347270075	0.000087854162091
5892591976	0.000065890621568
5872292870	0.000065890621568
5166219402	0.000065890621568
3956947943	0.000065890621568
3584862350	0.000065890621568
3266709315	0.000065890621568
3056712825	0.000065890621568
2846804164	0.000065890621568
2687242313	0.000065890621568
2684719103	0.000065890621568
2680538511	0.000065890621568
2347183267	0.000065890621568
2133858010	0.000065890621568
1992612901	0.000065890621568
1916470964	0.000065890621568
1830055592	0.000065890621568
1454056167	0.000065890621568
1049388631	0.000065890621568
5928798916	0.000043927081045
5917149973	0.000043927081045
5915608851	0.000043927081045
5870155897	0.000043927081045
5862273182	0.000043927081045
5792439573	0.000043927081045
5786405834	0.000043927081045
5631310171	0.000043927081045
5587150270	0.000043927081045
5464003421	0.000043927081045
5458397099	0.000043927081045
5264746099	0.000043927081045
5054581490	0.000043927081045
3967011908	0.000043927081045
3922690826	0.000043927081045
3647493552	0.000043927081045
3624248184	0.000043927081045
3514852493	0.000043927081045
3428361724	0.000043927081045
3211808215	0.000043927081045
3184114623	0.000043927081045
3151530492	0.000043927081045
3108168015	0.000043927081045
2780712844	0.000043927081045
2522435602	0.000043927081045
2518952162	0.000043927081045
2483145854	0.000043927081045
2261675950	0.000043927081045
1962898447	0.000043927081045
1092236392	0.000043927081045
1008647071	0.000043927081045
5950214664	0.000021963540523
5932193843	0.000021963540523
5901185726	0.000021963540523
5889314353	0.000021963540523
5881690108	0.000021963540523
5875655025	0.000021963540523
5866027843	0.000021963540523
5850786669	0.000021963540523
5849641010	0.000021963540523
5812178566	0.000021963540523
5805389380	0.000021963540523
5761279108	0.000021963540523
5737649005	0.000021963540523
5625756634	0.000021963540523
5600036175	0.000021963540523
5589512606	0.000021963540523
5542015346	0.000021963540523
5541228155	0.000021963540523
5435986086	0.000021963540523
5371308590	0.000021963540523
5343431678	0.000021963540523
5322672445	0.000021963540523
5277452779	0.000021963540523
5210657650	0.000021963540523
5186749657	0.000021963540523
5138060854	0.000021963540523
5093795752	0.000021963540523
5067357394	0.000021963540523
5063804353	0.000021963540523
5060685354	0.000021963540523
3963821559	0.000021963540523
3951460965	0.000021963540523
3943311171	0.000021963540523
3869805702	0.000021963540523
3755815120	0.000021963540523
3723041987	0.000021963540523
3312133673	0.000021963540523
3299100220	0.000021963540523
3241971684	0.000021963540523
3197422334	0.000021963540523
3128571877	0.000021963540523
3109442751	0.000021963540523
3062251493	0.000021963540523
3013469131	0.000021963540523
2959936082	0.000021963540523
2954193804	0.000021963540523
2668266221	0.000021963540523
2653119143	0.000021963540523
2611982164	0.000021963540523
2522315491	0.000021963540523
2511033565	0.000021963540523
2471018485	0.000021963540523
2448540300	0.000021963540523
2398179245	0.000021963540523
2214551132	0.000021963540523
2209559030	0.000021963540523
2131187310	0.000021963540523
2040162184	0.000021963540523
2035181751	0.000021963540523
2034344975	0.000021963540523
1996236620	0.000021963540523
1959437653	0.000021963540523
1897997790	0.000021963540523
1891503444	0.000021963540523
1858680653	0.000021963540523
1778659482	0.000021963540523
1740032902	0.000021963540523
1731518952	0.000021963540523
1719039432	0.000021963540523
