maxDegree:
2268603763	2012158321	5544721911	1849527897	
2002587837	2531284927	3229962754	5446004161	
5239422638	1787544013	5379286126	3550995170	
5392885175	3174967910	2643743024	3690085175	
2697087061	3108778417	1975995305	5566882921	

centerDist:
226860376	201215832	554472191	184952789
200258783	253128492	322996275	121191866
523942263	515874847	355099517	566320537
212837968	114730755	317496791	213137962
544600416	539288517	283559701	242113422

KS:			
5828146905	5935490328	1211918665	3166401865	
3454068732	2332272445	2686671171	2012158321	
5407825443	1853813501	3550995170	1795033340	
5544721911	2531284927	5792713585	1094131675	
3149167017	3108778417	3108778417	2128379684	

MDD:		
2268603763	2012158321	5544721911	1849527897	
2002587837	2531284927	3229962754	5446004161	
5239422638	1787544013	5379286126	3550995170	
5392885175	3174967910	2643743024	3690085175	
2697087061	3108778417	1975995305	5566882921	

MBUserRank:
2012158321	2268603763	5544721911	1849527897	
1677415045	3271702547	5277452779	3229962754	
1768370980	2002587837	5379286126	3690085175	
1787544013	5650612812	2697087061	2643743024	
2531284927	2894234855	3550995170	2975718641	

MIB:		
2268603763	2012158321	5544721911	1975995305	
1849527897	3229962754	2002587837	1787544013	
2697087061	3550995170	3757167087	5446004161	
3174967910	5392885175	1644855075	3108778417	
2643743024	5379286126	3690085175	1676457292	



