	cent	ks	mib	mdd	MBUserRank 	greedy	SMC	maxDegree	MBCELF	
2   273		0	273	273	273			273		282    273		282
4	354		1	354	349 354         354  	373    354      373
6	364		1	364	360 355         364  	398    364      391
8	371		68	370	386 361         370  	412    370      402
10	372		68	395	392 364         395  	422    395      412
12	378		73	404	393	373         420  	431    404      412
14	379		157	404	393 397         430  	435    404      412
16	380		157	409	395 398         436  	439    409      412
18	380		159	412	399 406         440  	443    412      412
20  380		161	422	404 412         442  	445    422      412
                                    