2268603763	0.07223363220691681
5544721911	0.030167466029524803
2012158321	0.027991801500320435
2002587837	0.013511765748262405
5379286126	0.007164278533309698
3229962754	0.0059537808410823345
3166401865	0.001676871906965971
3365355414	0.0015613255091011524
3241646494	9.038436692208052E-4
3174967910	5.195997655391693E-4
1849527897	4.8314122250303626E-4
5392885175	4.819142632186413E-4
5446004161	4.535946936812252E-4
1947758785	4.3390144128352404E-4
1717911281	4.1299356962554157E-4
1295343232	3.671242739073932E-4
1147307557	3.496368008200079E-4
3550995170	3.248454013373703E-4
2531284927	2.915264922194183E-4
2697087061	2.2010305838193744E-4
1211918665	1.6111935838125646E-4
5833548413	1.5363379498012364E-4
5344621967	1.432771678082645E-4
2890456772	1.3879319885745645E-4
2898285324	1.3498040789272636E-4
5239422638	1.281617587665096E-4
3888918499	1.186448716907762E-4
2078555853	1.1760204506572336E-4
5251583324	1.1758322216337547E-4
3755009617	1.0906959505518898E-4
3108778417	1.0345786722609773E-4
2643743024	9.800423868000507E-5
5577766918	9.565606160322204E-5
5908062156	7.99989647930488E-5
1791010393	7.84519943408668E-5
3757167087	7.481307693524286E-5
2680538511	6.383543222909793E-5
2104295195	5.991418584017083E-5
2421134223	5.85704437980894E-5
5252701469	4.885882299277E-5
5054581490	4.866452582064085E-5
3514852493	4.862163768848404E-5
5663205379	4.843510760110803E-5
1787544013	4.838611130253412E-5
1975995305	4.767107020597905E-5
2780712844	4.078748315805569E-5
5928798916	4.043022636324167E-5
1681192240	3.879434734699316E-5
3285968362	3.851059955195524E-5
3960552015	3.8352940464392304E-5
5915608851	3.778009340749122E-5
3568356630	3.6116878618486226E-5
3943311171	3.24804823321756E-5
3690085175	3.234375253668986E-5
2714339741	2.9429907954181544E-5
2460380524	2.9274769985931925E-5
5030085267	2.356046206841711E-5
2128379684	2.2806190827395767E-5
3519022492	2.202937685069628E-5
1909377960	2.0961753762094304E-5
5158748474	2.0082034097868018E-5
1644855075	1.9788376448559575E-5
5249858277	1.8936860215035267E-5
5208261141	1.891621832328383E-5
3817939058	1.7208132703672163E-5
2180804292	1.6731652067392133E-5
2469537550	1.6720279745641164E-5
5661259115	1.6638156012049876E-5
5806663914	1.66284207807621E-5
5840351408	1.662629256315995E-5
5912029198	1.6620195310679264E-5
5930192290	1.6619460438960232E-5
5941525728	1.661848000367172E-5
2131379623	1.6012265405151993E-5
1349138103	1.3394240340858232E-5
5871807922	1.3213339116191491E-5
5190620013	1.2949913980264682E-5
2835597013	1.2622056601685472E-5
5650612812	1.0686675523174927E-5
2747051290	9.819333172345068E-6
5566882921	9.540779501548968E-6
5743528425	9.361550837638788E-6
5814041729	9.303828846896067E-6
2797584102	9.082477845367976E-6
2894234855	8.64455614646431E-6
3052465574	8.52420816954691E-6
2256570647	7.826482942618895E-6
1819774163	7.710794307058677E-6
3772527774	7.616883522132412E-6
5603027281	7.2092589107342064E-6
5237582821	7.208808256109478E-6
1606827895	6.586017207155237E-6
1866164842	6.132050202722894E-6
2157843231	5.976660304440884E-6
2209929527	5.5942941799003165E-6
1569083255	5.438078460429097E-6
3961164983	5.415197847469244E-6
1266646184	5.295080427458743E-6
1899984250	5.278165190247819E-6
2437647755	5.111024165671552E-6
====================0.01=======================
迭代了: 95次
耗时： 171872