2268603763	7.594667113153264E-5
5544721911	3.1718951504444703E-5
2012158321	2.9434340831357986E-5
2002587837	1.4205872503225692E-5
5379286126	7.5323960118112154E-6
3229962754	6.2597096075478476E-6
3166401865	1.7629929516260745E-6
3365355414	1.6415044683526503E-6
3241646494	9.502961120233522E-7
3174967910	5.460355509967485E-7
1849527897	5.077297942079895E-7
5392885175	5.064254651188094E-7
5446004161	4.7666725322415004E-7
1947758785	4.5616442889695463E-7
1717911281	4.3418071982159745E-7
1295343232	3.859509831727337E-7
1147307557	3.675904736155644E-7
3550995170	3.4136428439524025E-7
2531284927	3.0636513770332385E-7
2697087061	2.3129611292915797E-7
1211918665	1.6933948643327312E-7
5833548413	1.6144238657034293E-7
5344621967	1.50560623524143E-7
2890456772	1.4590628438782005E-7
2898285324	1.4189497221650527E-7
5239422638	1.3467341375417163E-7
3888918499	1.2472730759327533E-7
2078555853	1.236173829965992E-7
5251583324	1.2361256551685074E-7
3755009617	1.1466492111367188E-7
3108778417	1.087025367496608E-7
2643743024	1.029732317192611E-7
5577766918	1.0055068599967854E-7
5908062156	8.41040375121338E-8
1791010393	8.308268206747016E-8
3757167087	7.859457440417827E-8
2680538511	6.738672908568333E-8
2104295195	6.295081789176038E-8
2421134223	6.154350273845921E-8
3514852493	5.138869241250177E-8
5252701469	5.1335565132148986E-8
5054581490	5.128067570581152E-8
5663205379	5.089879451247725E-8
1787544013	5.083902721025879E-8
1975995305	5.008832459907353E-8
2780712844	4.296080291510407E-8
5928798916	4.250840746067297E-8
1681192240	4.076459703128421E-8
3285968362	4.046533064183677E-8
3960552015	4.0297205572414896E-8
5915608851	3.972196793711191E-8
3568356630	3.794720981886712E-8
3943311171	3.417875404920778E-8
3690085175	3.398613301897058E-8
2714339741	3.092166522833395E-8
2460380524	3.0760556768427705E-8
5030085267	2.4756175776019518E-8
2128379684	2.3970381235471905E-8
3519022492	2.3134758109222275E-8
1909377960	2.202206950130403E-8
5158748474	2.110337149474617E-8
1644855075	2.0790912103052506E-8
5249858277	1.9900287639984526E-8
5208261141	1.9873372281153934E-8
3817939058	1.8081607322528725E-8
2180804292	1.7494784287919174E-8
2469537550	1.7492380877115465E-8
5661259115	1.7473931634981454E-8
5806663914	1.7471554869530337E-8
5840351408	1.7471034396976393E-8
5912029198	1.74695333754471E-8
5930192290	1.746935751612E-8
5941525728	1.7469114155233E-8
2131379623	1.6837908844991034E-8
1349138103	1.4076880994196017E-8
5871807922	1.388861736728586E-8
5190620013	1.3606626048101589E-8
2835597013	1.3264539688861987E-8
5650612812	1.1231077401419043E-8
2747051290	1.0311911324834E-8
5566882921	1.002870231303632E-8
5743528425	9.83855219516272E-9
5814041729	9.780889875798948E-9
2797584102	9.545528811827353E-9
2894234855	9.085205476822011E-9
3052465574	8.962122599598388E-9
2256570647	8.230313319756988E-9
1819774163	8.108431259756799E-9
3772527774	8.008017360339181E-9
5603027281	7.579675553870402E-9
5237582821	7.578947247566248E-9
1606827895	6.925808815338996E-9
1866164842	6.450892264808772E-9
2157843231	6.286265286092885E-9
2209929527	5.881741316215994E-9
1569083255	5.720050655355635E-9
3961164983	5.69684477369492E-9
1266646184	5.567967420461173E-9
1899984250	5.549495973866669E-9
2437647755	5.3744009242961965E-9
===========0.00001===========
迭代了: 154次
耗时： 276247