2268603763	7.764604524709284E-4
5544721911	3.24303429806605E-4
2012158321	3.009005740750581E-4
2002587837	1.452448923373595E-4
5379286126	7.701380673097447E-5
3229962754	6.400227721314877E-5
3166401865	1.8025337340077385E-5
3365355414	1.6783227692940272E-5
3241646494	9.715830856293906E-6
3174967910	5.587879513768712E-6
1849527897	5.1956690185761545E-6
5392885175	5.182588665775256E-6
5446004161	4.878066647506785E-6
1947758785	4.664022071665386E-6
1717911281	4.439249096321873E-6
1295343232	3.946129254472908E-6
1147307557	3.7581987726298394E-6
3550995170	3.49347828887403E-6
2531284927	3.135194674541708E-6
2697087061	2.367207343922928E-6
1211918665	1.7317681795248063E-6
5833548413	1.6524827515240759E-6
5344621967	1.5411213780680555E-6
2890456772	1.4917908401912428E-6
2898285324	1.4521490356855793E-6
5239422638	1.3787416719424073E-6
3888918499	1.2752676639138372E-6
2078555853	1.2639250144275138E-6
5251583324	1.2638588486879598E-6
3755009617	1.1722131603164598E-6
3108778417	1.1131221526738955E-6
2643743024	1.0544205224505276E-6
5577766918	1.0283060873916838E-6
5908062156	8.600019896221056E-7
1791010393	8.498938086631824E-7
3757167087	8.048388622228231E-7
2680538511	6.896571562720055E-7
2104295195	6.449896545746014E-7
2421134223	6.30208489837969E-7
3514852493	5.252518917586713E-7
5252701469	5.251225161373441E-7
5054581490	5.24313122696185E-7
5663205379	5.207106141824625E-7
1787544013	5.201154067435709E-7
1975995305	5.123606001689041E-7
2780712844	4.392837524846982E-7
5928798916	4.346416346834303E-7
1681192240	4.1708182152433437E-7
3285968362	4.135852407216589E-7
3960552015	4.121727386063867E-7
5915608851	4.06093050742129E-7
3568356630	3.88113448934746E-7
3943311171	3.4913725244223315E-7
3690085175	3.475921630524681E-7
2714339741	3.1627467933503794E-7
2460380524	3.145831044548686E-7
5030085267	2.532247833642032E-7
2128379684	2.4512144136679126E-7
3519022492	2.3641291591047775E-7
1909377960	2.2517696152135613E-7
5158748474	2.156853327051067E-7
1644855075	2.1262452776227292E-7
5249858277	2.0351522778128128E-7
5208261141	2.031422638992808E-7
3817939058	1.8497641463000036E-7
2180804292	1.7904903870658018E-7
2469537550	1.7900583770824596E-7
5661259115	1.786877703580103E-7
5806663914	1.7864974211079243E-7
5840351408	1.7864141454992932E-7
5912029198	1.7861751189229835E-7
5930192290	1.7861469814306474E-7
5941525728	1.7861084700143692E-7
2131379623	1.719402717981211E-7
1349138103	1.4400654890778242E-7
5871807922	1.4206453613496706E-7
5190620013	1.3923394703851955E-7
2835597013	1.3560980960392044E-7
5650612812	1.1490618589959922E-7
2747051290	1.0550306939194343E-7
5566882921	1.0257302562877157E-7
5743528425	1.0064523081609877E-7
5814041729	1.0004667672092182E-7
2797584102	9.765761177504828E-8
2894234855	9.294786451619075E-8
3052465574	9.164232750435986E-8
2256570647	8.413421426212153E-8
1819774163	8.289531194805022E-8
3772527774	8.187452493757519E-8
5237582821	7.752478836664523E-8
5603027281	7.751776109898856E-8
1606827895	7.082296349381068E-8
1866164842	6.591564272184769E-8
2157843231	6.425522514064141E-8
2209929527	6.016509246364876E-8
1569083255	5.847542539072492E-8
3961164983	5.8208375008916846E-8
1266646184	5.691211057978762E-8
1899984250	5.672694314284854E-8
2437647755	5.4957002504352204E-8
=============0.0001==================
迭代了: 134次
耗时： 239704