2268603763	0.007936147041618824
5544721911	0.0033148746006190777
2012158321	0.0030758448410779238
2002587837	0.001484683365561068
5379286126	7.871943525969982E-4
3229962754	6.541842594742775E-4
3166401865	1.8424910376779735E-4
3365355414	1.715514372335747E-4
3241646494	9.931201202562079E-5
3174967910	5.704893555957824E-5
1849527897	5.3047409892315045E-5
5392885175	5.291117849992588E-5
5446004161	4.980262747267261E-5
1947758785	4.767353311763145E-5
1717911281	4.537606946541928E-5
1295343232	4.033587538287975E-5
1147307557	3.84159829991404E-5
3550995170	3.566686427802779E-5
2531284927	3.2008709240471944E-5
2697087061	2.4166320145013742E-5
1211918665	1.7695392671157606E-5
5833548413	1.686835639702622E-5
5344621967	1.5731800885987468E-5
2890456772	1.5248644558596425E-5
2898285324	1.4826848200755194E-5
5239422638	1.4072065823711455E-5
3888918499	1.3035734809818678E-5
2078555853	1.2919981600134633E-5
5251583324	1.2919175787828863E-5
3755009617	1.1982756404904649E-5
3108778417	1.136080754804425E-5
2643743024	1.0761631529021543E-5
5577766918	1.0507077604415826E-5
5908062156	8.790852916717995E-6
1791010393	8.641547537990846E-6
3757167087	8.214452464017086E-6
2680538511	7.0232154030236416E-6
2104295195	6.58314093016088E-6
2421134223	6.434342594729969E-6
5252701469	5.365233391785296E-6
3514852493	5.355892881198088E-6
5054581490	5.352348580345279E-6
5663205379	5.316235274221981E-6
1787544013	5.309977950673783E-6
1975995305	5.232656803855207E-6
2780712844	4.486676516535226E-6
5928798916	4.4424409679777455E-6
1681192240	4.2599463085934985E-6
3285968362	4.2309357013436966E-6
3960552015	4.208973223285284E-6
5915608851	4.15101885664626E-6
3568356630	3.96233053834294E-6
3943311171	3.5686171031557024E-6
3690085175	3.5483385545376223E-6
2714339741	3.2289951832353836E-6
2460380524	3.2119858133228263E-6
5030085267	2.5858512344711926E-6
2128379684	2.5029903554241173E-6
3519022492	2.4146377199940616E-6
1909377960	2.2987153442954877E-6
5158748474	2.203541953349486E-6
1644855075	2.1715716229664395E-6
5249858277	2.0786444565601414E-6
5208261141	2.0753711851284606E-6
3817939058	1.8896948859037366E-6
2180804292	1.8416808416077401E-6
2469537550	1.8401777879262227E-6
5661259115	1.8288689034307026E-6
5806663914	1.8274856756761437E-6
5840351408	1.8271820181325893E-6
5912029198	1.8263134506923961E-6
5930192290	1.8262096546095563E-6
5941525728	1.8260703882333473E-6
2131379623	1.7590300558367744E-6
1349138103	1.4708818980579963E-6
5871807922	1.4510294477076968E-6
5190620013	1.4224025335352053E-6
2835597013	1.3866620065527968E-6
5650612812	1.1742591823349358E-6
2747051290	1.0788259032779024E-6
5566882921	1.0476842362550087E-6
5743528425	1.0277484534526593E-6
5814041729	1.0215952670478146E-6
2797584102	9.975080956792226E-7
2894234855	9.489901344750251E-7
3052465574	9.356086252410023E-7
2256570647	8.592719495936763E-7
1819774163	8.465827363579592E-7
3772527774	8.361207619600464E-7
5237582821	7.917224706943671E-7
5603027281	7.915266451163916E-7
1606827895	7.231457743728242E-7
1866164842	6.732070119142008E-7
2157843231	6.560744054695533E-7
2209929527	6.142200845715706E-7
1569083255	5.969577046016639E-7
3961164983	5.944414169789525E-7
1266646184	5.816455086460337E-7
1899984250	5.79414802359679E-7
2437647755	5.611860274257197E-7
============================0.001====================================
迭代了: 114次
耗时： 207976