5663205379	5577766918
5577766918	2898285324
5577766918	2714339741
5577766918	5404187796
5577766918	5898676046
5577766918	3850261876
5577766918	3217376207
5577766918	2693536571
5577766918	1719039432
5577766918	5770833773
5577766918	1733083780
5577766918	5935306528
5577766918	5760319388
5577766918	2355220324
5577766918	1616346770
5577766918	5629152354
5577766918	5139664109
5577766918	5837394301
5577766918	2127819517
5577766918	2563257137
5577766918	5974240540
5577766918	3716787214
5577766918	2903567085
5577766918	5328517050
5577766918	2343973923
5577766918	3307690675
5577766918	5908058534
5577766918	5767552344
5577766918	5058515917
5577766918	2422001517
5577766918	5974274282
5577766918	5800020466
5577766918	5648564591
5577766918	5779298665
5577766918	5387652471
5577766918	5887947504
5577766918	5108386463
5577766918	5543029882
5577766918	5478022463
5577766918	5253777891
5577766918	3845141448
5577766918	3788599023
5577766918	3791095043
5650612812	5577766918
