2898285324	5251583324
5251583324	5746404640
5251583324	1724540272
5251583324	5014296291
5251583324	3674353663
5251583324	2961949875
5251583324	5549325783
5251583324	5887567607
5251583324	1277255972
5251583324	5633310114
5251583324	1916112327
5251583324	1745381092
5251583324	3148985360
5251583324	1851395373
5251583324	5196613087
5251583324	2501198210
5251583324	1738269645
5251583324	3022327862
5251583324	5933653202
5251583324	5892714587
5251583324	3019488231
5743528425	5251583324
3184114623	5251583324
5251583324	5604557026