2268603763	0.175818141884472
2012158321	0.100417307269932
5544721911	0.094684823193499
1849527897	0.056380408521854
2002587837	0.046914122556556
2531284927	0.035273446079508
3229962754	0.029848451570393
1211918665	0.026334285086756
5239422638	0.022688337359982
5158748474	0.022073358225346
3550995170	0.020953217658687
5663205379	0.019942894794641
2128379684	0.018251702174391
1147307557	0.017834394904459
3174967910	0.017812431363936
2131379623	0.017680650120799
5446004161	0.01752690533714
5392885175	0.017482978256095
2835597013	0.017263342850868
2421134223	0.015440368987481
2104295195	0.014935207555458
5379286126	0.013046343070503
2898285324	0.011267296288162
2714339741	0.007423676696684
3241646494	0.007357786075115
2697087061	0.00731385899407
5208261141	0.00683066110257
2747051290	0.00658906215682
3757167087	0.005776411157479
5833548413	0.005556775752251
5344621967	0.004766088293433
2643743024	0.004480562266637
1975995305	0.004458598726115
3166401865	0.004107182077751
3108778417	0.003162749835273
3365355414	0.003096859213705
1899984250	0.002767406105864
5650612812	0.001713156160773
5566882921	0.001647265539205
1787544013	0.001537447836591
3690085175	0.001405666593455
3519022492	0.001383703052932
5252701469	0.001361739512409
2460380524	0.001317812431364
1909377960	0.001317812431364
3960552015	0.001295848890841
3568356630	0.001229958269273
1681192240	0.001164067647705
1947758785	0.000966395783
5030085267	0.000922468701955
1717911281	0.000812650999341
5249858277	0.000790687458818
3817939058	0.000790687458818
1644855075	0.000790687458818
5577766918	0.000746760377773
1349138103	0.000702833296727
1295343232	0.000593015594114
5871807922	0.000461234350977
5190620013	0.000395343729409
3755009617	0.000395343729409
2209929527	0.000373380188886
5814041729	0.000351416648364
5324769120	0.000329453107841
2797584102	0.000329453107841
1819774163	0.000329453107841
5824694216	0.000307489567318
2890456772	0.000285526026796
2256570647	0.000285526026796
1606827895	0.000285526026796
5743528425	0.000263562486273
3052465574	0.000263562486273
5603027281	0.00024159894575
5230082017	0.00024159894575
3861411316	0.00024159894575
2894234855	0.00024159894575
2157843231	0.000219635405227
5251583324	0.000197671864705
5237582821	0.000197671864705
1569083255	0.000197671864705
1158425184	0.000197671864705
2955931642	0.000175708324182
2040114485	0.000175708324182
1866164842	0.000175708324182
1266646184	0.000175708324182
5892312460	0.000153744783659
3961164983	0.000153744783659
3888918499	0.000153744783659
2437647755	0.000153744783659
2277260272	0.000153744783659
2078555853	0.000153744783659
1757258093	0.000153744783659
1677415045	0.000153744783659
3166153515	0.000131781243136
2975718641	0.000131781243136
2027737585	0.000131781243136
1922243613	0.000131781243136
1768370980	0.000131781243136
5150807677	0.000109817702614
3849828170	0.000109817702614
3772527774	0.000109817702614
