1992612901	2.490401932791566
5277452779	1.937447836591258
3271702547	1.93738194596969
1911546455	0.493520755545794
5674669410	0.462354491544037
5941716526	0.421897649901164
2680538511	0.380232813529541
5589622327	0.379881396881177
2687242313	0.324467384142324
2133858010	0.264660663298924
1251630661	0.264594772677356
2268603763	0.160468262683945
2012158321	0.102795299802328
1849527897	0.096476828464749
2697087061	0.092256094882495
5544721911	0.084122556556117
3690085175	0.071128486712058
3550995170	0.069280035141665
1768370980	0.067209751811992
1677415045	0.06720799472875
2975718641	0.065708763452668
5650612812	0.059335822534592
2894234855	0.057481440808258
3960552015	0.049908631671425
3229962754	0.036857895892818
2002587837	0.033600922468702
2531284927	0.030016033384582
1211918665	0.028922468701955
3174967910	0.027856138809576
5663205379	0.025224028113332
5446004161	0.024186470459038
2131379623	0.023759059960465
2835597013	0.023488029870415
2104295195	0.022628596529761
1147307557	0.022562047001977
2421134223	0.022101910828026
5158748474	0.022073358225346
2128379684	0.020588183615199
5239422638	0.016693608609708
2898285324	0.016682187568636
3772527774	0.01534241159675
5208261141	0.014622227103009
3817939058	0.014474851746101
2747051290	0.014443883153965
3241646494	0.013151548429607
5392885175	0.012424555238304
1947758785	0.012118383483417
5577766918	0.011931693388974
1899984250	0.011663957830002
5379286126	0.009609488249506
3108778417	0.00939204919833
5252701469	0.008085877443444
2714339741	0.005230836810894
3757167087	0.004083022183176
5833548413	0.003924006149791
2643743024	0.003654293872172
5089263961	0.003623984186251
5344621967	0.003458159455304
1975995305	0.003376674719965
3166401865	0.002914561827367
2951602282	0.002701515484296
3943311171	0.002701515484296
2348324751	0.002679551943773
1787544013	0.002484296068526
3365355414	0.002221831759279
5566882921	0.001591258510872
3519022492	0.001070063694267
1909377960	0.00104831978915
5541228155	0.000988359323523
2460380524	0.000948824950582
3568356630	0.000927520316275
1681192240	0.000823413134197
1349138103	0.000702833296727
5030085267	0.000654952778388
1717911281	0.000617614759499
1644855075	0.0006134416868
5249858277	0.000583132000878
3887770391	0.000571052053591
1295343232	0.000453327476389
5208572598	0.000439270810455
3755009617	0.000395343729409
2209929527	0.000352295189984
5871807922	0.00033406545135
5324769120	0.000329453107841
2797584102	0.000314957171096
5824694216	0.000307489567318
5190620013	0.000291236547331
2522435602	0.000285526026796
1606827895	0.000285526026796
2890456772	0.000285526026796
1819774163	0.000266857017351
1916470964	0.000263562486273
3052465574	0.000263562486273
5743528425	0.000263562486273
5814041729	0.000258510871953
2347183267	0.00024159894575
3861411316	0.00024159894575
5230082017	0.00024159894575
2256570647	0.000232154623326
2684719103	0.000219635405227
