2268603763	9331
2012158321	4766
5544721911	4599
1849527897	1402
3229962754	799
2531284927	794
5446004161	771
2002587837	733
1787544013	691
5392885175	616
3174967910	614
3550995170	589
5379286126	549
5239422638	489
2697087061	406
2643743024	356
3108778417	298
3690085175	273
5566882921	253
2714339741	247
3757167087	200
5833548413	196
5344621967	189
2898285324	178
1975995305	171
5252701469	127
3365355414	104
1909377960	95
3166401865	92
1677415045	86
5663205379	86
2104295195	79
3568356630	78
2421134223	72
5541228155	71
3960552015	54
1947758785	53
1147307557	52
1644855075	51
1211918665	50
1717911281	48
3241646494	48
2460380524	48
3817939058	47
3887770391	42
2128379684	41
1681192240	40
5249858277	39
1295343232	38
5577766918	37
3519022492	36
5030085267	33
5208261141	29
1819774163	27
2680538511	26
5251583324	24
5871807922	23
2256570647	22
5208572598	21
3151530492	20
1768370980	20
1349138103	20
5190620013	19
5158748474	19
2347183267	17
2894234855	17
5631310171	16
1916470964	16
3755009617	16
5814041729	16
2687242313	15
5941716526	15
5365313044	15
2898922811	15
2890456772	15
2209929527	15
5126582500	14
5936003073	14
2975718641	14
5650612812	14
2797584102	14
3108168015	13
2418006617	13
1836110544	13
2131379623	13
1569083255	13
1606827895	13
2040114485	12
5603027281	12
3052465574	12
5743528425	12
3943311171	11
2819975563	11
5186749657	11
5887553114	10
1998775353	10
1924960265	10
2684719103	10
2390901975	10
2034344975	10
