2975718641	0.02239858917892
3271702547	0.007898740470409
5277452779	0.007896481081843
2268603763	0.007443640753627
2012158321	0.006158726941794
1849527897	0.005380049952146
1677415045	0.005038684234023
5544721911	0.003542727860622
3960552015	0.002566621488358
5650612812	0.00238402266267
3690085175	0.002032480569755
3229962754	0.001988931500819
1787544013	0.001247008681003
2002587837	0.001215501019032
5379286126	0.001162845315412
2697087061	0.001160512609567
2643743024	0.0007804170702
1768370980	0.000579918734729
2894234855	0.000499528137169
3550995170	0.000481613808733
5566882921	0.000366887089922
1992612901	0.000271255878033
1947758785	0.000239728738234
2531284927	0.000235264969524
1909377960	0.000193731302238
5446004161	0.000161083689454
5344621967	0.000151852350609
5674669410	0.000135283597047
3365355414	0.000132954461151
5239422638	0.000127259252986
3166401865	0.000125114688308
5208261141	0.000117375825607
3568356630	0.000106186423682
2898285324	0.000100600346923
3241646494	0.000098740557587
3108778417	0.000096262186889
5208572598	0.000096111012681
2680538511	0.000087169856215
2747051290	0.000081597132885
5392885175	0.000079909387568
2421134223	0.000066383049216
3887770391	0.000063396561018
1147307557	0.000059121536833
3174967910	0.000058411905411
1819774163	0.000057848261645
5252701469	0.000052245668758
2348324751	0.000051489128964
1975995305	0.000047151709577
2687242313	0.000046630524594
2040114485	0.000046316199587
1251630661	0.000045757704356
2133858010	0.000045757704356
2256570647	0.000045261858275
2951602282	0.000044023941882
2819975563	0.000041047514969
1717911281	0.000038969562957
1295343232	0.000034003505789
3844849581	0.00003266823478
5264746099	0.000032626707252
5365313044	0.000032614439988
2128379684	0.000032280042319
3772527774	0.000031942077095
2104295195	0.000031373547154
3519022492	0.000031288612445
5663205379	0.000028572018573
1836110544	0.000028069913242
5830687827	0.000026585692467
1916470964	0.000026371690183
2448540300	0.000025676874429
5936003073	0.000025666191505
5683526095	0.000023378954211
1866394620	0.000023336888262
3817939058	0.000022904340244
1911546455	0.000021897021725
5862273182	0.000021859670596
2955931642	0.000021723675673
2418006617	0.00002105304884
5941716526	0.0000203622767
1846923303	0.000020279878299
5600036175	0.000019985160179
5833548413	0.000019882580455
5150807677	0.000019560535293
5089263961	0.000019548520868
5067357394	0.000019255025109
1211918665	0.000018292937512
3943311171	0.000017880743144
2797584102	0.000017318500306
5603027281	0.00001643767954
1569083255	0.000015630966522
2078555853	0.000015112303026
2890456772	0.000014820864635
3888918499	0.000012681363842
1644855075	0.000012365514976
5251583324	0.000012285350749
2835597013	0.000012214459048
1349138103	0.000012144009758
3757167087	0.000012039105968
3755009617	0.000012024293028
2209929527	0.000011361014395
2131379623	0.000009624196559
