2975718641	0.002243821043521
3271702547	0.000791253522038
5277452779	0.000791027210653
2268603763	0.000730557623319
2012158321	0.000611031745212
1849527897	0.000538818381301
1677415045	0.000504736672156
5544721911	0.000348460793612
3960552015	0.000257152432192
5650612812	0.000238815895983
3690085175	0.000203593643081
3229962754	0.000197942003433
1787544013	0.00012490406163
2002587837	0.00011889221787
2697087061	0.000116202878803
5379286126	0.000114966394176
2643743024	0.000078153880065
1768370980	0.000058095793065
2894234855	0.000050042453969
3550995170	0.000048174479866
5566882921	0.000036748307318
1992612901	0.000027173169656
1947758785	0.000023920334479
2531284927	0.00002350229463
1909377960	0.000019401813149
5446004161	0.000016034720829
5344621967	0.000015180523701
5674669410	0.000013553230019
3365355414	0.000012984933528
5239422638	0.000012716082346
3166401865	0.000012201504387
5208261141	0.000011751177794
3568356630	0.000010629577173
2898285324	0.000010048990032
3241646494	0.000009751042899
5208572598	0.000009627539839
3108778417	0.000009621116135
2680538511	0.000008720179648
2747051290	0.000008171060337
5392885175	0.000007898690274
2421134223	0.000006635764447
3887770391	0.000006353314802
1147307557	0.000005830433838
1819774163	0.000005792985452
3174967910	0.000005736908906
5252701469	0.000005225538959
2348324751	0.000005142373993
1975995305	0.000004711304171
2687242313	0.000004664261724
2040114485	0.000004614879799
1251630661	0.00000457288661
2133858010	0.00000457288661
2256570647	0.000004532238979
2951602282	0.000004392087249
2819975563	0.000004090575658
1717911281	0.000003814927073
1295343232	0.00000332842983
3844849581	0.000003267008879
5264746099	0.000003264651241
5365313044	0.000003264120096
2128379684	0.000003227462815
3772527774	0.000003198372831
3519022492	0.000003130201443
2104295195	0.000003125218825
5663205379	0.000002847440896
1836110544	0.000002807397095
5830687827	0.000002662859288
1916470964	0.000002641739911
2448540300	0.000002573140819
5936003073	0.000002570955075
5683526095	0.000002342495463
1866394620	0.000002341585514
3817939058	0.000002288210028
1911546455	0.000002193376304
5862273182	0.000002190108717
2955931642	0.000002179132252
2418006617	0.000002112861694
5941716526	0.00000204167668
1846923303	0.00000203638956
5600036175	0.000002003027703
5150807677	0.00000196116639
5833548413	0.000001959254484
5089263961	0.000001956215783
5067357394	0.000001930706048
1211918665	0.000001812398523
3943311171	0.000001781895727
2797584102	0.000001730933405
5603027281	0.000001644075544
1569083255	0.000001557679922
2078555853	0.000001490245074
2890456772	0.000001442700068
3888918499	0.000001234425781
1644855075	0.000001234005383
2835597013	0.000001217090988
1349138103	0.000001208818908
5251583324	0.000001195879122
3757167087	0.000001189622776
3755009617	0.000001170415658
2209929527	0.000001134540955
2131379623	0.000000958667636
