2975718641	0.000224900097237
3271702547	0.000079306671978
5277452779	0.000079283963714
2268603763	0.000071708275937
2012158321	0.000060639560616
1849527897	0.0000539870956
1677415045	0.000050591035688
5544721911	0.000034284695721
3960552015	0.000025770522687
5650612812	0.000023936039802
3690085175	0.000020405315337
3229962754	0.000019708630543
1787544013	0.000012517242497
2697087061	0.000011642318955
2002587837	0.000011630093058
5379286126	0.000011371391656
2643743024	0.000007830769558
1768370980	0.00000582278426
2894234855	0.000005014759327
3550995170	0.000004820563603
5566882921	0.000003682801193
1992612901	0.000002723226089
1947758785	0.000002388048446
2531284927	0.000002348878368
1909377960	0.000001944070191
5446004161	0.000001597187122
5344621967	0.000001518601782
5674669410	0.000001358272812
5239422638	0.000001271145308
3365355414	0.000001268570031
3166401865	0.000001189767753
5208261141	0.000001177392139
3568356630	0.000001064611085
2898285324	0.000001004053268
5208572598	0.000000964907258
3241646494	0.000000963356047
3108778417	0.000000961979608
2680538511	0.000000872411694
2747051290	0.000000818703753
5392885175	0.000000781633122
2421134223	0.000000663463133
3887770391	0.000000636483776
1819774163	0.000000580423757
1147307557	0.000000575345112
3174967910	0.000000564309238
5252701469	0.000000522841363
2348324751	0.000000513817326
1975995305	0.000000471035771
2687242313	0.000000467928402
2040114485	0.000000462146431
1251630661	0.000000459083907
2133858010	0.000000459083907
2256570647	0.000000454072313
2951602282	0.00000044038822
2819975563	0.000000410770326
1717911281	0.000000373400072
3844849581	0.000000327427983
5264746099	0.000000327168038
5365313044	0.000000327109035
1295343232	0.00000032566852
2128379684	0.00000032284815
3772527774	0.00000032041463
3519022492	0.000000313323632
2104295195	0.000000311534058
5663205379	0.00000028434286
1836110544	0.000000282013417
5830687827	0.000000266973359
1916470964	0.000000265575295
2448540300	0.000000258525091
5936003073	0.000000257712685
1866394620	0.000000234921799
5683526095	0.000000234856444
3817939058	0.00000022902675
1911546455	0.000000219532922
5862273182	0.000000219517375
2955931642	0.000000218459945
2418006617	0.00000021180611
5941716526	0.000000204194734
1846923303	0.000000204158681
5600036175	0.000000200764347
5150807677	0.000000196599473
5089263961	0.000000195859158
5067357394	0.000000193542689
5833548413	0.000000193144007
1211918665	0.000000180175046
3943311171	0.000000177652331
2797584102	0.000000173007793
5603027281	0.000000164503862
1569083255	0.000000155378956
2078555853	0.000000146899095
2890456772	0.000000140422458
1644855075	0.000000123212931
2835597013	0.000000121640383
1349138103	0.000000120932263
3888918499	0.000000120148727
3757167087	0.00000011749943
5251583324	0.000000116397956
3755009617	0.000000113921821
2209929527	0.00000011358159
2131379623	0.000000095532273
