2012158321	0.000903358307551
2268603763	0.000893698917935
5544721911	0.00049883275351
1849527897	0.00022758039645
1677415045	0.000210191792576
3271702547	0.000179571507033
5277452779	0.000179483162356
3229962754	0.000126710014592
1768370980	0.00012194498413
2002587837	0.000116569076635
5379286126	0.000090374446881
3690085175	0.000079505515839
1787544013	0.000073640276111
5650612812	0.000054724305011
2697087061	0.000052084875279
2643743024	0.000045322956555
2531284927	0.000044011064984
2894234855	0.000039576918499
3550995170	0.000038765362842
2975718641	0.000036907622416
5566882921	0.00002171718203
3241646494	0.000015266187711
3166401865	0.00001318646996
3365355414	0.000012853378871
1909377960	0.000011106043968
1947758785	0.000010710554989
5446004161	0.00001050015917
3108778417	0.000009826333485
2898285324	0.000009271891509
5344621967	0.000009231095476
2421134223	0.000008453480854
5239422638	0.000007766096087
5252701469	0.000007003721856
5392885175	0.000006862295732
1147307557	0.000006323439243
3568356630	0.000006312327127
5208261141	0.000005758389577
5208572598	0.000005623967354
3960552015	0.000005614647401
3174967910	0.00000499983621
3887770391	0.000003692989139
3817939058	0.000003656112497
2747051290	0.000003609260598
1717911281	0.000003529982518
5674669410	0.000003387521701
1295343232	0.000003300095806
1819774163	0.000003288995824
5541228155	0.000003052135071
1992612901	0.000003038698878
2348324751	0.000002919472308
1975995305	0.000002879411028
2040114485	0.000002715113169
2256570647	0.000002645603293
5663205379	0.000002563859164
2104295195	0.000002409030583
2951602282	0.000002364424972
2819975563	0.000002360890676
5833548413	0.000002074080613
1211918665	0.000002011486709
3844849581	0.000001911700565
5264746099	0.000001909510274
5365313044	0.000001908499144
2680538511	0.000001883753924
2128379684	0.000001694939294
3519022492	0.000001662751106
2687242313	0.000001646672672
1836110544	0.000001641388053
5936003073	0.000001582141863
2448540300	0.000001502901569
2890456772	0.00000149179084
3772527774	0.000001490374502
5830687827	0.000001459964778
5251583324	0.000001448952048
1916470964	0.000001443250198
5683526095	0.000001368141739
1866394620	0.000001366233391
2418006617	0.000001312794552
2955931642	0.000001294331469
3888918499	0.000001275267664
2078555853	0.000001254487426
5862273182	0.000001243699785
1846923303	0.000001187686962
3755009617	0.00000117221316
5600036175	0.000001156905455
5150807677	0.000001122698336
5067357394	0.000001119501462
3943311171	0.000001119063498
5186749657	0.000001100483473
3774583610	0.000001100190957
3040676611	0.0000010998466
2347183267	0.000001064120511
5577766918	0.000001028306087
2797584102	0.000001001814031
5603027281	0.000000972042836
1569083255	0.000000934537877
3757167087	0.000000918774816
5908062156	0.00000086000199
1791010393	0.000000849893809
2209929527	0.0000008348904
1644855075	0.000000755406676
