2012158321	0.000088175920973
2268603763	0.000087306306523
5544721911	0.000048713335491
1849527897	0.000022195911123
1677415045	0.000020492780095
3271702547	0.000017506028598
5277452779	0.000017497415683
3229962754	0.000012370005834
1768370980	0.000011889555935
2002587837	0.000011397417756
5379286126	0.000008828976024
3690085175	0.000007752319747
1787544013	0.000007181864813
5650612812	0.000005335007054
2697087061	0.000005079210256
2643743024	0.000004420314405
2531284927	0.000004292758442
2894234855	0.000003858714264
3550995170	0.000003780661882
2975718641	0.000003598745025
5566882921	0.000002117965161
3241646494	0.000001490820443
3166401865	0.000001289604656
3365355414	0.000001256488664
1909377960	0.000001083203952
1947758785	0.0000010454521
5446004161	0.000001025004513
3108778417	0.000000958517983
2898285324	0.00000090441401
5344621967	0.000000900493032
2421134223	0.00000082450418
5239422638	0.000000758034766
5252701469	0.000000683185418
5392885175	0.000000669946331
1147307557	0.000000617460546
3568356630	0.000000615729326
5208261141	0.000000561574566
5208572598	0.000000548499713
3960552015	0.000000547707291
3174967910	0.000000488341235
3887770391	0.000000359769814
3817939058	0.000000356616175
2747051290	0.000000351996922
1717911281	0.000000345185724
5674669410	0.00000033008223
1295343232	0.000000322689595
1819774163	0.000000320787133
5541228155	0.000000297132459
1992612901	0.000000295816449
2348324751	0.000000282691474
1975995305	0.000000281052933
2040114485	0.000000262357048
2256570647	0.000000258034762
5663205379	0.000000250150302
2104295195	0.00000023500738
2951602282	0.000000229226004
2819975563	0.000000229081365
5833548413	0.000000202454453
1211918665	0.000000195856587
3844849581	0.00000018609596
5264746099	0.000000185964439
5365313044	0.000000185931285
2680538511	0.00000018380072
2128379684	0.00000016528728
3519022492	0.000000162211579
2687242313	0.000000160751767
1836110544	0.000000160054839
5936003073	0.000000154306662
2448540300	0.000000146737221
2890456772	0.000000145906284
3772527774	0.000000145366404
5830687827	0.000000142419367
5251583324	0.000000141529749
1916470964	0.000000141062827
1866394620	0.000000133622066
5683526095	0.000000133496684
2418006617	0.000000128363823
2955931642	0.000000126500012
3888918499	0.000000124727308
2078555853	0.000000122702407
5862273182	0.000000121330942
1846923303	0.00000011624234
3755009617	0.000000114664921
5600036175	0.000000112919871
5150807677	0.000000109655893
5067357394	0.000000109348811
3943311171	0.000000108909529
3040676611	0.000000107515845
3774583610	0.000000107500163
5186749657	0.000000107485995
2347183267	0.000000104094553
5577766918	0.000000100550686
2797584102	0.000000097261071
5603027281	0.000000094674056
1569083255	0.000000090327074
3757167087	0.000000089726022
5908062156	0.000000084104038
1791010393	0.000000083082682
2209929527	0.000000081113582
1644855075	0.000000073775863
