2268603763	0.008995882235468
2012158321	0.00896180185955
5544721911	0.004991340031847
1849527897	0.002237466309088
1677415045	0.002065086271614
3271702547	0.001764277811162
5277452779	0.001763409120031
3229962754	0.001262810733169
1768370980	0.001198146259412
2002587837	0.001185632802662
5379286126	0.000909339636564
3690085175	0.000781275238524
1787544013	0.00072379266544
5650612812	0.000537695138098
2697087061	0.000512400406478
2643743024	0.000445623369615
2531284927	0.00043329924847
2894234855	0.00038890577087
3550995170	0.000381841175476
2975718641	0.000362751656212
5566882921	0.000213416505994
3241646494	0.000152705584333
3166401865	0.000134564923065
3365355414	0.000130917568458
1909377960	0.000109191744718
1947758785	0.000106536992462
5446004161	0.000104459976865
3108778417	0.000096835061049
2898285324	0.00009149570069
5344621967	0.000091121409605
2421134223	0.000083235666671
5239422638	0.000076653786528
5252701469	0.000068958151997
5392885175	0.000068807663047
1147307557	0.00006317540574
3568356630	0.000062131091499
5208261141	0.000056638428873
3960552015	0.000055307026286
5208572598	0.000055263357353
3174967910	0.000050619689501
3887770391	0.000036239202018
3817939058	0.000035977954986
1717911281	0.000035913723695
2747051290	0.000035496016733
1295343232	0.000033526483821
5674669410	0.00003325358557
1819774163	0.000032340768752
5541228155	0.000029937427826
1992612901	0.000029848797567
2348324751	0.000028531545468
1975995305	0.000028421163825
2040114485	0.000026550000257
2256570647	0.000026019336702
5663205379	0.000025338033219
2104295195	0.000023844081443
2951602282	0.000023168229745
2819975563	0.00002313668665
5833548413	0.000020818519806
1211918665	0.000020219337603
3844849581	0.000018761620595
5264746099	0.000018745839043
5365313044	0.000018740160158
2680538511	0.000018683871622
2128379684	0.00001671387663
3519022492	0.000016406043847
2687242313	0.000016191643226
1836110544	0.000016182513718
5936003073	0.000015550160242
2890456772	0.000015248644559
2448540300	0.000014790523892
3772527774	0.000014667678579
5251583324	0.000014588847626
5830687827	0.00001434967362
1916470964	0.000014201322301
5683526095	0.000013446934645
1866394620	0.000013430591025
3888918499	0.00001303573481
2418006617	0.00001289724969
2955931642	0.000012713899196
2078555853	0.000012675017206
5862273182	0.000012221070392
3755009617	0.000011982756405
1846923303	0.000011662604265
5600036175	0.000011365898899
3943311171	0.000011066817206
5150807677	0.000011029354937
5067357394	0.000010997114259
5186749657	0.000010810935237
3774583610	0.000010807139915
3040676611	0.000010802446013
5577766918	0.000010507077604
2347183267	0.000010446280612
2797584102	0.000009823254936
5603027281	0.000009557712587
3757167087	0.00000924078131
1569083255	0.00000913538093
5908062156	0.000008790852917
1791010393	0.000008641547538
2209929527	0.000008203546065
1644855075	0.000007480233558
